0.9182696342468262,
0.9345595836639404,
0.9998595714569092,
0.9828412532806396,
1.0557708740234375,
1.1398873329162598,
1.1045620441436768,
1.119321346282959,
1.184830904006958,
1.1691343784332275,
1.202956199645996,
1.2560803890228271,
1.282813549041748,
1.318171501159668,
1.2702555656433105,
1.3585166931152344,
0.7311418056488037,
0.8561305999755859,
0.9138333797454834,
0.8349368572235107,
0.8853964805603027,
0.9008245468139648,
0.9378623962402344,
0.9543626308441162,
0.9444568157196045,
0.9535298347473145,
1.0319247245788574,
1.0309202671051025,
1.1010119915008545,
1.099987268447876,
1.0679936408996582,
1.1017413139343262,
0.7016823291778564,
0.7452263832092285,
0.8699231147766113,
0.8366084098815918,
0.8792312145233154,
0.8959317207336426,
0.9378092288970947,
0.911365270614624,
0.9585974216461182,
0.9559566974639893,
0.9358649253845215,
0.9787051677703857,
1.083244800567627,
1.2780554294586182,
1.3035190105438232,
1.253279209136963,
0.8067455291748047,
0.8401522636413574,
0.9654653072357178,
0.870213508605957,
0.95798659324646,
0.9511666297912598,
0.9290482997894287,
0.9746344089508057,
0.9924671649932861,
0.9695444107055664,
1.0526783466339111,
1.1345288753509521,
1.0999414920806885,
1.177929162979126,
1.1303400993347168,
1.225151538848877,
0.6787395477294922,
0.7985248565673828,
0.7780828475952148,
0.8508882522583008,
0.8246927261352539,
0.9512755870819092,
0.9641573429107666,
0.8986151218414307,
0.9447901248931885,
0.9722504615783691,
0.9379510879516602,
0.991675615310669,
1.0317435264587402,
1.0987770557403564,
1.0523457527160645,
1.1384336948394775,
0.7319600582122803,
0.8020713329315186,
0.9327197074890137,
0.8931734561920166,
0.9258933067321777,
0.8938360214233398,
0.9514687061309814,
0.9611563682556152,
1.038977861404419,
0.9751522541046143,
1.001225233078003,
1.0279567241668701,
1.1161463260650635,
1.0854697227478027,
1.237807035446167,
1.231553316116333,
0.5601396560668945,
0.6672446727752686,
0.7107751369476318,
0.6897833347320557,
0.8103628158569336,
0.8104937076568604,
0.897451639175415,
0.8384177684783936,
0.934100866317749,
0.9408712387084961,
0.9021823406219482,
1.013051986694336,
0.9158565998077393,
0.9986753463745117,
1.0328357219696045,
1.0090594291687012